661
0.2 0.0 0.0000 0.55 0.55 0.1 0.55 0.2 0.25 
0.2 0.0 0.0000 0.55 0.55 0.1 0.551 0.2 0.25 
0.2 0.0 0.0000 0.55 0.55 0.1 0.552 0.2 0.25 
0.2 0.0 0.0000 0.55 0.55 0.1 0.553 0.2 0.25 
0.2 0.0 0.0000 0.55 0.55 0.1 0.554 0.2 0.25 
0.2 0.0 0.0000 0.55 0.55 0.1 0.555 0.2 0.25 
0.2 0.0 0.0000 0.55 0.55 0.1 0.556 0.2 0.25 
0.2 0.0 0.0000 0.55 0.55 0.1 0.557 0.2 0.25 
0.2 0.0 0.0000 0.55 0.55 0.1 0.558 0.2 0.25 
0.2 0.0 0.0000 0.55 0.55 0.1 0.559 0.2 0.25 
0.2 0.0 0.0000 0.55 0.55 0.1 0.56 0.2 0.25 
0.2 0.0 0.0000 0.55 0.55 0.1 0.56 0.2 0.25 
0.2 0.0 0.0000 0.55 0.55 0.1 0.561 0.2 0.25 
0.2 0.0 0.0000 0.55 0.55 0.1 0.562 0.2 0.25 
0.2 0.0 0.0000 0.55 0.55 0.1 0.563 0.2 0.25 
0.2 0.0 0.0000 0.55 0.55 0.1 0.564 0.2 0.25 
0.2 0.0 0.0000 0.55 0.55 0.1 0.565 0.2 0.25 
0.2 0.0 0.0000 0.55 0.55 0.1 0.566 0.2 0.25 
0.2 0.0 0.0000 0.55 0.55 0.1 0.567 0.2 0.25 
0.2 0.0 0.0000 0.55 0.55 0.1 0.568 0.2 0.25 
0.2 0.0 0.0000 0.55 0.55 0.1 0.569 0.2 0.25 
0.2 0.0 0.0000 0.55 0.55 0.1 0.57 0.2 0.25 
0.2 0.0 0.0000 0.55 0.55 0.1 0.57 0.2 0.25 
0.2 0.0 0.0000 0.55 0.55 0.1 0.571 0.2 0.25 
0.2 0.0 0.0000 0.55 0.55 0.1 0.572 0.2 0.25 
0.2 0.0 0.0000 0.55 0.55 0.1 0.573 0.2 0.25 
0.2 0.0 0.0000 0.55 0.55 0.1 0.574 0.2 0.25 
0.2 0.0 0.0000 0.55 0.55 0.1 0.575 0.2 0.25 
0.2 0.0 0.0000 0.55 0.55 0.1 0.576 0.2 0.25 
0.2 0.0 0.0000 0.55 0.55 0.1 0.577 0.2 0.25 
0.2 0.0 0.0000 0.55 0.55 0.1 0.578 0.2 0.25 
0.2 0.0 0.0000 0.55 0.55 0.1 0.579 0.2 0.25 
0.2 0.0 0.0000 0.55 0.55 0.1 0.58 0.2 0.25 
0.2 0.0 0.0000 0.55 0.55 0.1 0.58 0.2 0.25 
0.2 0.0 0.0000 0.55 0.55 0.1 0.581 0.2 0.25 
0.2 0.0 0.0000 0.55 0.55 0.1 0.582 0.2 0.25 
0.2 0.0 0.0000 0.55 0.55 0.1 0.583 0.2 0.25 
0.2 0.0 0.0000 0.55 0.55 0.1 0.584 0.2 0.25 
0.2 0.0 0.0000 0.55 0.55 0.1 0.585 0.2 0.25 
0.2 0.0 0.0000 0.55 0.55 0.1 0.586 0.2 0.25 
0.2 0.0 0.0000 0.55 0.55 0.1 0.587 0.2 0.25 
0.2 0.0 0.0000 0.55 0.55 0.1 0.588 0.2 0.25 
0.2 0.0 0.0000 0.55 0.55 0.1 0.589 0.2 0.25 
0.2 0.0 0.0000 0.55 0.55 0.1 0.59 0.2 0.25 
0.2 0.0 0.0000 0.55 0.55 0.1 0.59 0.2 0.25 
0.2 0.0 0.0000 0.55 0.55 0.1 0.591 0.2 0.25 
0.2 0.0 0.0000 0.55 0.55 0.1 0.592 0.2 0.25 
0.2 0.0 0.0000 0.55 0.55 0.1 0.593 0.2 0.25 
0.2 0.0 0.0000 0.55 0.55 0.1 0.594 0.2 0.25 
0.2 0.0 0.0000 0.55 0.55 0.1 0.595 0.2 0.25 
0.2 0.0 0.0000 0.55 0.55 0.1 0.596 0.2 0.25 
0.2 0.0 0.0000 0.55 0.55 0.1 0.597 0.2 0.25 
0.2 0.0 0.0000 0.55 0.55 0.1 0.598 0.2 0.25 
0.2 0.0 0.0000 0.55 0.55 0.1 0.599 0.2 0.25 
0.2 0.0 0.0000 0.55 0.55 0.1 0.6 0.2 0.25 
0.2 0.0 0.0000 0.55 0.55 0.1 0.6 0.2 0.25 
0.2 0.0 0.0000 0.55 0.55 0.1 0.601 0.2 0.25 
0.2 0.0 0.0000 0.55 0.55 0.1 0.602 0.2 0.25 
0.2 0.0 0.0000 0.55 0.55 0.1 0.603 0.2 0.25 
0.2 0.0 0.0000 0.55 0.55 0.1 0.604 0.2 0.25 
0.2 0.0 0.0000 0.55 0.55 0.1 0.605 0.2 0.25 
0.2 0.0 0.0000 0.55 0.55 0.1 0.606 0.2 0.25 
0.2 0.0 0.0000 0.55 0.55 0.1 0.607 0.2 0.25 
0.2 0.0 0.0000 0.55 0.55 0.1 0.608 0.2 0.25 
0.2 0.0 0.0000 0.55 0.55 0.1 0.609 0.2 0.25 
0.2 0.0 0.0000 0.55 0.55 0.1 0.61 0.2 0.25 
0.2 0.0 0.0000 0.55 0.55 0.1 0.61 0.2 0.25 
0.2 0.0 0.0000 0.55 0.55 0.1 0.611 0.2 0.25 
0.2 0.0 0.0000 0.55 0.55 0.1 0.612 0.2 0.25 
0.2 0.0 0.0000 0.55 0.55 0.1 0.613 0.2 0.25 
0.2 0.0 0.0000 0.55 0.55 0.1 0.614 0.2 0.25 
0.2 0.0 0.0000 0.55 0.55 0.1 0.615 0.2 0.25 
0.2 0.0 0.0000 0.55 0.55 0.1 0.616 0.2 0.25 
0.2 0.0 0.0000 0.55 0.55 0.1 0.617 0.2 0.25 
0.2 0.0 0.0000 0.55 0.55 0.1 0.618 0.2 0.25 
0.2 0.0 0.0000 0.55 0.55 0.1 0.619 0.2 0.25 
0.2 0.0 0.0000 0.55 0.55 0.1 0.62 0.2 0.25 
0.2 0.0 0.0000 0.55 0.55 0.1 0.62 0.2 0.25 
0.2 0.0 0.0000 0.55 0.55 0.1 0.621 0.2 0.25 
0.2 0.0 0.0000 0.55 0.55 0.1 0.622 0.2 0.25 
0.2 0.0 0.0000 0.55 0.55 0.1 0.623 0.2 0.25 
0.2 0.0 0.0000 0.55 0.55 0.1 0.624 0.2 0.25 
0.2 0.0 0.0000 0.55 0.55 0.1 0.625 0.2 0.25 
0.2 0.0 0.0000 0.55 0.55 0.1 0.626 0.2 0.25 
0.2 0.0 0.0000 0.55 0.55 0.1 0.627 0.2 0.25 
0.2 0.0 0.0000 0.55 0.55 0.1 0.628 0.2 0.25 
0.2 0.0 0.0000 0.55 0.55 0.1 0.629 0.2 0.25 
0.2 0.0 0.0000 0.55 0.55 0.1 0.63 0.2 0.25 
0.2 0.0 0.0000 0.55 0.55 0.1 0.63 0.2 0.25 
0.2 0.0 0.0000 0.55 0.55 0.1 0.631 0.2 0.25 
0.2 0.0 0.0000 0.55 0.55 0.1 0.632 0.2 0.25 
0.2 0.0 0.0000 0.55 0.55 0.1 0.633 0.2 0.25 
0.2 0.0 0.0000 0.55 0.55 0.1 0.634 0.2 0.25 
0.2 0.0 0.0000 0.55 0.55 0.1 0.635 0.2 0.25 
0.2 0.0 0.0000 0.55 0.55 0.1 0.636 0.2 0.25 
0.2 0.0 0.0000 0.55 0.55 0.1 0.637 0.2 0.25 
0.2 0.0 0.0000 0.55 0.55 0.1 0.638 0.2 0.25 
0.2 0.0 0.0000 0.55 0.55 0.1 0.639 0.2 0.25 
0.2 0.0 0.0000 0.55 0.55 0.1 0.64 0.2 0.25 
0.2 0.0 0.0000 0.55 0.55 0.1 0.64 0.2 0.25 
0.2 0.0 0.0000 0.55 0.55 0.1 0.641 0.2 0.25 
0.2 0.0 0.0000 0.55 0.55 0.1 0.642 0.2 0.25 
0.2 0.0 0.0000 0.55 0.55 0.1 0.643 0.2 0.25 
0.2 0.0 0.0000 0.55 0.55 0.1 0.644 0.2 0.25 
0.2 0.0 0.0000 0.55 0.55 0.1 0.645 0.2 0.25 
0.2 0.0 0.0000 0.55 0.55 0.1 0.646 0.2 0.25 
0.2 0.0 0.0000 0.55 0.55 0.1 0.647 0.2 0.25 
0.2 0.0 0.0000 0.55 0.55 0.1 0.648 0.2 0.25 
0.2 0.0 0.0000 0.55 0.55 0.1 0.649 0.2 0.25 
0.2 0.0 0.0000 0.55 0.55 0.1 0.65 0.2 0.25 
0.2 0.0 0.0000 0.55 0.55 0.1 0.65 0.2 0.25 
0.2 0.0 0.0000 0.55 0.55 0.1 0.651 0.2 0.25 
0.2 0.0 0.0000 0.55 0.55 0.1 0.652 0.2 0.25 
0.2 0.0 0.0000 0.55 0.55 0.1 0.653 0.2 0.25 
0.2 0.0 0.0000 0.55 0.55 0.1 0.654 0.2 0.25 
0.2 0.0 0.0000 0.55 0.55 0.1 0.655 0.2 0.25 
0.2 0.0 0.0000 0.55 0.55 0.1 0.656 0.2 0.25 
0.2 0.0 0.0000 0.55 0.55 0.1 0.657 0.2 0.25 
0.2 0.0 0.0000 0.55 0.55 0.1 0.658 0.2 0.25 
0.2 0.0 0.0000 0.55 0.55 0.1 0.659 0.2 0.25 
0.2 0.0 0.0000 0.55 0.55 0.1 0.66 0.2 0.25 
0.2 0.0 0.0000 0.55 0.55 0.1 0.66 0.2 0.25 
0.2 0.0 0.0000 0.55 0.55 0.1 0.661 0.2 0.25 
0.2 0.0 0.0000 0.55 0.55 0.1 0.662 0.2 0.25 
0.2 0.0 0.0000 0.55 0.55 0.1 0.663 0.2 0.25 
0.2 0.0 0.0000 0.55 0.55 0.1 0.664 0.2 0.25 
0.2 0.0 0.0000 0.55 0.55 0.1 0.665 0.2 0.25 
0.2 0.0 0.0000 0.55 0.55 0.1 0.666 0.2 0.25 
0.2 0.0 0.0000 0.55 0.55 0.1 0.667 0.2 0.25 
0.2 0.0 0.0000 0.55 0.55 0.1 0.668 0.2 0.25 
0.2 0.0 0.0000 0.55 0.55 0.1 0.669 0.2 0.25 
0.2 0.0 0.0000 0.55 0.55 0.1 0.67 0.2 0.25 
0.2 0.0 0.0000 0.55 0.55 0.1 0.67 0.2 0.25 
0.2 0.0 0.0000 0.55 0.55 0.1 0.671 0.2 0.25 
0.2 0.0 0.0000 0.55 0.55 0.1 0.672 0.2 0.25 
0.2 0.0 0.0000 0.55 0.55 0.1 0.673 0.2 0.25 
0.2 0.0 0.0000 0.55 0.55 0.1 0.674 0.2 0.25 
0.2 0.0 0.0000 0.55 0.55 0.1 0.675 0.2 0.25 
0.2 0.0 0.0000 0.55 0.55 0.1 0.676 0.2 0.25 
0.2 0.0 0.0000 0.55 0.55 0.1 0.677 0.2 0.25 
0.2 0.0 0.0000 0.55 0.55 0.1 0.678 0.2 0.25 
0.2 0.0 0.0000 0.55 0.55 0.1 0.679 0.2 0.25 
0.2 0.0 0.0000 0.55 0.55 0.1 0.68 0.2 0.25 
0.2 0.0 0.0000 0.55 0.55 0.1 0.68 0.2 0.25 
0.2 0.0 0.0000 0.55 0.55 0.1 0.681 0.2 0.25 
0.2 0.0 0.0000 0.55 0.55 0.1 0.682 0.2 0.25 
0.2 0.0 0.0000 0.55 0.55 0.1 0.683 0.2 0.25 
0.2 0.0 0.0000 0.55 0.55 0.1 0.684 0.2 0.25 
0.2 0.0 0.0000 0.55 0.55 0.1 0.685 0.2 0.25 
0.2 0.0 0.0000 0.55 0.55 0.1 0.686 0.2 0.25 
0.2 0.0 0.0000 0.55 0.55 0.1 0.687 0.2 0.25 
0.2 0.0 0.0000 0.55 0.55 0.1 0.688 0.2 0.25 
0.2 0.0 0.0000 0.55 0.55 0.1 0.689 0.2 0.25 
0.2 0.0 0.0000 0.55 0.55 0.1 0.69 0.2 0.25 
0.2 0.0 0.0000 0.55 0.55 0.1 0.69 0.2 0.25 
0.2 0.0 0.0000 0.55 0.55 0.1 0.691 0.2 0.25 
0.2 0.0 0.0000 0.55 0.55 0.1 0.692 0.2 0.25 
0.2 0.0 0.0000 0.55 0.55 0.1 0.693 0.2 0.25 
0.2 0.0 0.0000 0.55 0.55 0.1 0.694 0.2 0.25 
0.2 0.0 0.0000 0.55 0.55 0.1 0.695 0.2 0.25 
0.2 0.0 0.0000 0.55 0.55 0.1 0.696 0.2 0.25 
0.2 0.0 0.0000 0.55 0.55 0.1 0.697 0.2 0.25 
0.2 0.0 0.0000 0.55 0.55 0.1 0.698 0.2 0.25 
0.2 0.0 0.0000 0.55 0.55 0.1 0.699 0.2 0.25 
0.2 0.0 0.0000 0.55 0.55 0.1 0.7 0.2 0.25 
0.2 0.0 0.0000 0.55 0.55 0.1 0.7 0.2 0.25 
0.2 0.0 0.0000 0.55 0.55 0.1 0.701 0.2 0.25 
0.2 0.0 0.0000 0.55 0.55 0.1 0.702 0.2 0.25 
0.2 0.0 0.0000 0.55 0.55 0.1 0.703 0.2 0.25 
0.2 0.0 0.0000 0.55 0.55 0.1 0.704 0.2 0.25 
0.2 0.0 0.0000 0.55 0.55 0.1 0.705 0.2 0.25 
0.2 0.0 0.0000 0.55 0.55 0.1 0.706 0.2 0.25 
0.2 0.0 0.0000 0.55 0.55 0.1 0.707 0.2 0.25 
0.2 0.0 0.0000 0.55 0.55 0.1 0.708 0.2 0.25 
0.2 0.0 0.0000 0.55 0.55 0.1 0.709 0.2 0.25 
0.2 0.0 0.0000 0.55 0.55 0.1 0.71 0.2 0.25 
0.2 0.0 0.0000 0.55 0.55 0.1 0.71 0.2 0.25 
0.2 0.0 0.0000 0.55 0.55 0.1 0.711 0.2 0.25 
0.2 0.0 0.0000 0.55 0.55 0.1 0.712 0.2 0.25 
0.2 0.0 0.0000 0.55 0.55 0.1 0.713 0.2 0.25 
0.2 0.0 0.0000 0.55 0.55 0.1 0.714 0.2 0.25 
0.2 0.0 0.0000 0.55 0.55 0.1 0.715 0.2 0.25 
0.2 0.0 0.0000 0.55 0.55 0.1 0.716 0.2 0.25 
0.2 0.0 0.0000 0.55 0.55 0.1 0.717 0.2 0.25 
0.2 0.0 0.0000 0.55 0.55 0.1 0.718 0.2 0.25 
0.2 0.0 0.0000 0.55 0.55 0.1 0.719 0.2 0.25 
0.2 0.0 0.0000 0.55 0.55 0.1 0.72 0.2 0.25 
0.2 0.0 0.0000 0.55 0.55 0.1 0.72 0.2 0.25 
0.2 0.0 0.0000 0.55 0.55 0.1 0.721 0.2 0.25 
0.2 0.0 0.0000 0.55 0.55 0.1 0.722 0.2 0.25 
0.2 0.0 0.0000 0.55 0.55 0.1 0.723 0.2 0.25 
0.2 0.0 0.0000 0.55 0.55 0.1 0.724 0.2 0.25 
0.2 0.0 0.0000 0.55 0.55 0.1 0.725 0.2 0.25 
0.2 0.0 0.0000 0.55 0.55 0.1 0.726 0.2 0.25 
0.2 0.0 0.0000 0.55 0.55 0.1 0.727 0.2 0.25 
0.2 0.0 0.0000 0.55 0.55 0.1 0.728 0.2 0.25 
0.2 0.0 0.0000 0.55 0.55 0.1 0.729 0.2 0.25 
0.2 0.0 0.0000 0.55 0.55 0.1 0.73 0.2 0.25 
0.2 0.0 0.0000 0.55 0.55 0.1 0.73 0.2 0.25 
0.2 0.0 0.0000 0.55 0.55 0.1 0.731 0.2 0.25 
0.2 0.0 0.0000 0.55 0.55 0.1 0.732 0.2 0.25 
0.2 0.0 0.0000 0.55 0.55 0.1 0.733 0.2 0.25 
0.2 0.0 0.0000 0.55 0.55 0.1 0.734 0.2 0.25 
0.2 0.0 0.0000 0.55 0.55 0.1 0.735 0.2 0.25 
0.2 0.0 0.0000 0.55 0.55 0.1 0.736 0.2 0.25 
0.2 0.0 0.0000 0.55 0.55 0.1 0.737 0.2 0.25 
0.2 0.0 0.0000 0.55 0.55 0.1 0.738 0.2 0.25 
0.2 0.0 0.0000 0.55 0.55 0.1 0.739 0.2 0.25 
0.2 0.0 0.0000 0.55 0.55 0.1 0.74 0.2 0.25 
0.2 0.0 0.0000 0.55 0.55 0.1 0.74 0.2 0.25 
0.2 0.0 0.0000 0.55 0.55 0.1 0.741 0.2 0.25 
0.2 0.0 0.0000 0.55 0.55 0.1 0.742 0.2 0.25 
0.2 0.0 0.0000 0.55 0.55 0.1 0.743 0.2 0.25 
0.2 0.0 0.0000 0.55 0.55 0.1 0.744 0.2 0.25 
0.2 0.0 0.0000 0.55 0.55 0.1 0.745 0.2 0.25 
0.2 0.0 0.0000 0.55 0.55 0.1 0.746 0.2 0.25 
0.2 0.0 0.0000 0.55 0.55 0.1 0.747 0.2 0.25 
0.2 0.0 0.0000 0.55 0.55 0.1 0.748 0.2 0.25 
0.2 0.0 0.0000 0.55 0.55 0.1 0.749 0.2 0.25 
0.2 0.0 0.0000 0.55 0.55 0.1 0.75 0.2 0.25 
0.2 0.0 0.0000 0.55 0.55 0.1 0.75 0.2 0.25 
0.2 0.0 0.0000 0.551 0.55 0.1 0.75 0.2 0.25 
0.2 0.0 0.0000 0.552 0.55 0.1 0.75 0.2 0.25 
0.2 0.0 0.0000 0.553 0.55 0.1 0.75 0.2 0.25 
0.2 0.0 0.0000 0.554 0.55 0.1 0.75 0.2 0.25 
0.2 0.0 0.0000 0.555 0.55 0.1 0.75 0.2 0.25 
0.2 0.0 0.0000 0.556 0.55 0.1 0.75 0.2 0.25 
0.2 0.0 0.0000 0.557 0.55 0.1 0.75 0.2 0.25 
0.2 0.0 0.0000 0.558 0.55 0.1 0.75 0.2 0.25 
0.2 0.0 0.0000 0.559 0.55 0.1 0.75 0.2 0.25 
0.2 0.0 0.0000 0.56 0.55 0.1 0.75 0.2 0.25 
0.2 0.0 0.0000 0.56 0.55 0.1 0.75 0.2 0.25 
0.2 0.0 0.0000 0.56 0.551 0.1 0.75 0.2 0.25 
0.2 0.0 0.0000 0.56 0.552 0.1 0.75 0.2 0.25 
0.2 0.0 0.0000 0.56 0.553 0.1 0.75 0.2 0.25 
0.2 0.0 0.0000 0.56 0.554 0.1 0.75 0.2 0.25 
0.2 0.0 0.0000 0.56 0.555 0.1 0.75 0.2 0.25 
0.2 0.0 0.0000 0.56 0.556 0.1 0.75 0.2 0.25 
0.2 0.0 0.0000 0.56 0.557 0.1 0.75 0.2 0.25 
0.2 0.0 0.0000 0.56 0.558 0.1 0.75 0.2 0.25 
0.2 0.0 0.0000 0.56 0.559 0.1 0.75 0.2 0.25 
0.2 0.0 0.0000 0.56 0.56 0.1 0.75 0.2 0.25 
0.2 0.0 0.0000 0.56 0.56 0.1 0.75 0.2 0.25 
0.2 0.0 0.0000 0.561 0.56 0.1 0.75 0.2 0.25 
0.2 0.0 0.0000 0.562 0.56 0.1 0.75 0.2 0.25 
0.2 0.0 0.0000 0.563 0.56 0.1 0.75 0.2 0.25 
0.2 0.0 0.0000 0.564 0.56 0.1 0.75 0.2 0.25 
0.2 0.0 0.0000 0.565 0.56 0.1 0.75 0.2 0.25 
0.2 0.0 0.0000 0.566 0.56 0.1 0.75 0.2 0.25 
0.2 0.0 0.0000 0.567 0.56 0.1 0.75 0.2 0.25 
0.2 0.0 0.0000 0.568 0.56 0.1 0.75 0.2 0.25 
0.2 0.0 0.0000 0.569 0.56 0.1 0.75 0.2 0.25 
0.2 0.0 0.0000 0.57 0.56 0.1 0.75 0.2 0.25 
0.2 0.0 0.0000 0.57 0.56 0.1 0.75 0.2 0.25 
0.2 0.0 0.0000 0.57 0.561 0.1 0.75 0.2 0.25 
0.2 0.0 0.0000 0.57 0.562 0.1 0.75 0.2 0.25 
0.2 0.0 0.0000 0.57 0.563 0.1 0.75 0.2 0.25 
0.2 0.0 0.0000 0.57 0.564 0.1 0.75 0.2 0.25 
0.2 0.0 0.0000 0.57 0.565 0.1 0.75 0.2 0.25 
0.2 0.0 0.0000 0.57 0.566 0.1 0.75 0.2 0.25 
0.2 0.0 0.0000 0.57 0.567 0.1 0.75 0.2 0.25 
0.2 0.0 0.0000 0.57 0.568 0.1 0.75 0.2 0.25 
0.2 0.0 0.0000 0.57 0.569 0.1 0.75 0.2 0.25 
0.2 0.0 0.0000 0.57 0.57 0.1 0.75 0.2 0.25 
0.2 0.0 0.0000 0.57 0.57 0.1 0.75 0.2 0.25 
0.2 0.0 0.0000 0.571 0.57 0.1 0.75 0.2 0.25 
0.2 0.0 0.0000 0.572 0.57 0.1 0.75 0.2 0.25 
0.2 0.0 0.0000 0.573 0.57 0.1 0.75 0.2 0.25 
0.2 0.0 0.0000 0.574 0.57 0.1 0.75 0.2 0.25 
0.2 0.0 0.0000 0.575 0.57 0.1 0.75 0.2 0.25 
0.2 0.0 0.0000 0.576 0.57 0.1 0.75 0.2 0.25 
0.2 0.0 0.0000 0.577 0.57 0.1 0.75 0.2 0.25 
0.2 0.0 0.0000 0.578 0.57 0.1 0.75 0.2 0.25 
0.2 0.0 0.0000 0.579 0.57 0.1 0.75 0.2 0.25 
0.2 0.0 0.0000 0.58 0.57 0.1 0.75 0.2 0.25 
0.2 0.0 0.0000 0.58 0.57 0.1 0.75 0.2 0.25 
0.2 0.0 0.0000 0.581 0.57 0.1 0.75 0.2 0.25 
0.2 0.0 0.0000 0.582 0.57 0.1 0.75 0.2 0.25 
0.2 0.0 0.0000 0.583 0.57 0.1 0.75 0.2 0.25 
0.2 0.0 0.0000 0.584 0.57 0.1 0.75 0.2 0.25 
0.2 0.0 0.0000 0.585 0.57 0.1 0.75 0.2 0.25 
0.2 0.0 0.0000 0.586 0.57 0.1 0.75 0.2 0.25 
0.2 0.0 0.0000 0.587 0.57 0.1 0.75 0.2 0.25 
0.2 0.0 0.0000 0.588 0.57 0.1 0.75 0.2 0.25 
0.2 0.0 0.0000 0.589 0.57 0.1 0.75 0.2 0.25 
0.2 0.0 0.0000 0.59 0.57 0.1 0.75 0.2 0.25 
0.2 0.0 0.0000 0.59 0.57 0.1 0.75 0.2 0.25 
0.2 0.0 0.0000 0.591 0.57 0.1 0.75 0.2 0.25 
0.2 0.0 0.0000 0.592 0.57 0.1 0.75 0.2 0.25 
0.2 0.0 0.0000 0.593 0.57 0.1 0.75 0.2 0.25 
0.2 0.0 0.0000 0.594 0.57 0.1 0.75 0.2 0.25 
0.2 0.0 0.0000 0.595 0.57 0.1 0.75 0.2 0.25 
0.2 0.0 0.0000 0.596 0.57 0.1 0.75 0.2 0.25 
0.2 0.0 0.0000 0.597 0.57 0.1 0.75 0.2 0.25 
0.2 0.0 0.0000 0.598 0.57 0.1 0.75 0.2 0.25 
0.2 0.0 0.0000 0.599 0.57 0.1 0.75 0.2 0.25 
0.2 0.0 0.0000 0.6 0.57 0.1 0.75 0.2 0.25 
0.2 0.0 0.0000 0.6 0.57 0.1 0.75 0.2 0.25 
0.2 0.0 0.0000 0.6 0.571 0.1 0.75 0.2 0.25 
0.2 0.0 0.0000 0.6 0.572 0.1 0.75 0.2 0.25 
0.2 0.0 0.0000 0.6 0.573 0.1 0.75 0.2 0.25 
0.2 0.0 0.0000 0.6 0.574 0.1 0.75 0.2 0.25 
0.2 0.0 0.0000 0.6 0.575 0.1 0.75 0.2 0.25 
0.2 0.0 0.0000 0.6 0.576 0.1 0.75 0.2 0.25 
0.2 0.0 0.0000 0.6 0.577 0.1 0.75 0.2 0.25 
0.2 0.0 0.0000 0.6 0.578 0.1 0.75 0.2 0.25 
0.2 0.0 0.0000 0.6 0.579 0.1 0.75 0.2 0.25 
0.2 0.0 0.0000 0.6 0.58 0.1 0.75 0.2 0.25 
0.2 0.0 0.0000 0.6 0.58 0.1 0.75 0.2 0.25 
0.2 0.0 0.0000 0.6 0.581 0.1 0.75 0.2 0.25 
0.2 0.0 0.0000 0.6 0.582 0.1 0.75 0.2 0.25 
0.2 0.0 0.0000 0.6 0.583 0.1 0.75 0.2 0.25 
0.2 0.0 0.0000 0.6 0.584 0.1 0.75 0.2 0.25 
0.2 0.0 0.0000 0.6 0.585 0.1 0.75 0.2 0.25 
0.2 0.0 0.0000 0.6 0.586 0.1 0.75 0.2 0.25 
0.2 0.0 0.0000 0.6 0.587 0.1 0.75 0.2 0.25 
0.2 0.0 0.0000 0.6 0.588 0.1 0.75 0.2 0.25 
0.2 0.0 0.0000 0.6 0.589 0.1 0.75 0.2 0.25 
0.2 0.0 0.0000 0.6 0.59 0.1 0.75 0.2 0.25 
0.2 0.0 0.0000 0.6 0.59 0.1 0.75 0.2 0.25 
0.2 0.0 0.0000 0.6 0.591 0.1 0.75 0.2 0.25 
0.2 0.0 0.0000 0.6 0.592 0.1 0.75 0.2 0.25 
0.2 0.0 0.0000 0.6 0.593 0.1 0.75 0.2 0.25 
0.2 0.0 0.0000 0.6 0.594 0.1 0.75 0.2 0.25 
0.2 0.0 0.0000 0.6 0.595 0.1 0.75 0.2 0.25 
0.2 0.0 0.0000 0.6 0.596 0.1 0.75 0.2 0.25 
0.2 0.0 0.0000 0.6 0.597 0.1 0.75 0.2 0.25 
0.2 0.0 0.0000 0.6 0.598 0.1 0.75 0.2 0.25 
0.2 0.0 0.0000 0.6 0.599 0.1 0.75 0.2 0.25 
0.2 0.0 0.0000 0.6 0.6 0.1 0.75 0.2 0.25 
0.2 0.0 0.0000 0.6 0.6 0.1 0.75 0.2 0.25 
0.2 0.0 0.0000 0.601 0.6 0.1 0.75 0.2 0.25 
0.2 0.0 0.0000 0.602 0.6 0.1 0.75 0.2 0.25 
0.2 0.0 0.0000 0.603 0.6 0.1 0.75 0.2 0.25 
0.2 0.0 0.0000 0.604 0.6 0.1 0.75 0.2 0.25 
0.2 0.0 0.0000 0.605 0.6 0.1 0.75 0.2 0.25 
0.2 0.0 0.0000 0.606 0.6 0.1 0.75 0.2 0.25 
0.2 0.0 0.0000 0.607 0.6 0.1 0.75 0.2 0.25 
0.2 0.0 0.0000 0.608 0.6 0.1 0.75 0.2 0.25 
0.2 0.0 0.0000 0.609 0.6 0.1 0.75 0.2 0.25 
0.2 0.0 0.0000 0.61 0.6 0.1 0.75 0.2 0.25 
0.2 0.0 0.0000 0.61 0.6 0.1 0.75 0.2 0.25 
0.2 0.0 0.0000 0.61 0.601 0.1 0.75 0.2 0.25 
0.2 0.0 0.0000 0.61 0.602 0.1 0.75 0.2 0.25 
0.2 0.0 0.0000 0.61 0.603 0.1 0.75 0.2 0.25 
0.2 0.0 0.0000 0.61 0.604 0.1 0.75 0.2 0.25 
0.2 0.0 0.0000 0.61 0.605 0.1 0.75 0.2 0.25 
0.2 0.0 0.0000 0.61 0.606 0.1 0.75 0.2 0.25 
0.2 0.0 0.0000 0.61 0.607 0.1 0.75 0.2 0.25 
0.2 0.0 0.0000 0.61 0.608 0.1 0.75 0.2 0.25 
0.2 0.0 0.0000 0.61 0.609 0.1 0.75 0.2 0.25 
0.2 0.0 0.0000 0.61 0.61 0.1 0.75 0.2 0.25 
0.2 0.0 0.0000 0.61 0.61 0.1 0.75 0.2 0.25 
0.2 0.0 0.0000 0.611 0.61 0.1 0.75 0.2 0.25 
0.2 0.0 0.0000 0.612 0.61 0.1 0.75 0.2 0.25 
0.2 0.0 0.0000 0.613 0.61 0.1 0.75 0.2 0.25 
0.2 0.0 0.0000 0.614 0.61 0.1 0.75 0.2 0.25 
0.2 0.0 0.0000 0.615 0.61 0.1 0.75 0.2 0.25 
0.2 0.0 0.0000 0.616 0.61 0.1 0.75 0.2 0.25 
0.2 0.0 0.0000 0.617 0.61 0.1 0.75 0.2 0.25 
0.2 0.0 0.0000 0.618 0.61 0.1 0.75 0.2 0.25 
0.2 0.0 0.0000 0.619 0.61 0.1 0.75 0.2 0.25 
0.2 0.0 0.0000 0.62 0.61 0.1 0.75 0.2 0.25 
0.2 0.0 0.0000 0.62 0.61 0.1 0.75 0.2 0.25 
0.2 0.0 0.0000 0.621 0.61 0.1 0.75 0.2 0.25 
0.2 0.0 0.0000 0.622 0.61 0.1 0.75 0.2 0.25 
0.2 0.0 0.0000 0.623 0.61 0.1 0.75 0.2 0.25 
0.2 0.0 0.0000 0.624 0.61 0.1 0.75 0.2 0.25 
0.2 0.0 0.0000 0.625 0.61 0.1 0.75 0.2 0.25 
0.2 0.0 0.0000 0.626 0.61 0.1 0.75 0.2 0.25 
0.2 0.0 0.0000 0.627 0.61 0.1 0.75 0.2 0.25 
0.2 0.0 0.0000 0.628 0.61 0.1 0.75 0.2 0.25 
0.2 0.0 0.0000 0.629 0.61 0.1 0.75 0.2 0.25 
0.2 0.0 0.0000 0.63 0.61 0.1 0.75 0.2 0.25 
0.2 0.0 0.0000 0.63 0.61 0.1 0.75 0.2 0.25 
0.2 0.0 0.0000 0.631 0.61 0.1 0.75 0.2 0.25 
0.2 0.0 0.0000 0.632 0.61 0.1 0.75 0.2 0.25 
0.2 0.0 0.0000 0.633 0.61 0.1 0.75 0.2 0.25 
0.2 0.0 0.0000 0.634 0.61 0.1 0.75 0.2 0.25 
0.2 0.0 0.0000 0.635 0.61 0.1 0.75 0.2 0.25 
0.2 0.0 0.0000 0.636 0.61 0.1 0.75 0.2 0.25 
0.2 0.0 0.0000 0.637 0.61 0.1 0.75 0.2 0.25 
0.2 0.0 0.0000 0.638 0.61 0.1 0.75 0.2 0.25 
0.2 0.0 0.0000 0.639 0.61 0.1 0.75 0.2 0.25 
0.2 0.0 0.0000 0.64 0.61 0.1 0.75 0.2 0.25 
0.2 0.0 0.0000 0.64 0.61 0.1 0.75 0.2 0.25 
0.2 0.0 0.0000 0.641 0.61 0.1 0.75 0.2 0.25 
0.2 0.0 0.0000 0.642 0.61 0.1 0.75 0.2 0.25 
0.2 0.0 0.0000 0.643 0.61 0.1 0.75 0.2 0.25 
0.2 0.0 0.0000 0.644 0.61 0.1 0.75 0.2 0.25 
0.2 0.0 0.0000 0.645 0.61 0.1 0.75 0.2 0.25 
0.2 0.0 0.0000 0.646 0.61 0.1 0.75 0.2 0.25 
0.2 0.0 0.0000 0.647 0.61 0.1 0.75 0.2 0.25 
0.2 0.0 0.0000 0.648 0.61 0.1 0.75 0.2 0.25 
0.2 0.0 0.0000 0.649 0.61 0.1 0.75 0.2 0.25 
0.2 0.0 0.0000 0.65 0.61 0.1 0.75 0.2 0.25 
0.2 0.0 0.0000 0.65 0.61 0.1 0.75 0.2 0.25 
0.2 0.0 0.0000 0.65 0.611 0.1 0.75 0.2 0.25 
0.2 0.0 0.0000 0.65 0.612 0.1 0.75 0.2 0.25 
0.2 0.0 0.0000 0.65 0.613 0.1 0.75 0.2 0.25 
0.2 0.0 0.0000 0.65 0.614 0.1 0.75 0.2 0.25 
0.2 0.0 0.0000 0.65 0.615 0.1 0.75 0.2 0.25 
0.2 0.0 0.0000 0.65 0.616 0.1 0.75 0.2 0.25 
0.2 0.0 0.0000 0.65 0.617 0.1 0.75 0.2 0.25 
0.2 0.0 0.0000 0.65 0.618 0.1 0.75 0.2 0.25 
0.2 0.0 0.0000 0.65 0.619 0.1 0.75 0.2 0.25 
0.2 0.0 0.0000 0.65 0.62 0.1 0.75 0.2 0.25 
0.2 0.0 0.0000 0.65 0.62 0.1 0.75 0.2 0.25 
0.2 0.0 0.0000 0.65 0.621 0.1 0.75 0.2 0.25 
0.2 0.0 0.0000 0.65 0.622 0.1 0.75 0.2 0.25 
0.2 0.0 0.0000 0.65 0.623 0.1 0.75 0.2 0.25 
0.2 0.0 0.0000 0.65 0.624 0.1 0.75 0.2 0.25 
0.2 0.0 0.0000 0.65 0.625 0.1 0.75 0.2 0.25 
0.2 0.0 0.0000 0.65 0.626 0.1 0.75 0.2 0.25 
0.2 0.0 0.0000 0.65 0.627 0.1 0.75 0.2 0.25 
0.2 0.0 0.0000 0.65 0.628 0.1 0.75 0.2 0.25 
0.2 0.0 0.0000 0.65 0.629 0.1 0.75 0.2 0.25 
0.2 0.0 0.0000 0.65 0.63 0.1 0.75 0.2 0.25 
0.2 0.0 0.0000 0.65 0.63 0.1 0.75 0.2 0.25 
0.2 0.0 0.0000 0.65 0.631 0.1 0.75 0.2 0.25 
0.2 0.0 0.0000 0.65 0.632 0.1 0.75 0.2 0.25 
0.2 0.0 0.0000 0.65 0.633 0.1 0.75 0.2 0.25 
0.2 0.0 0.0000 0.65 0.634 0.1 0.75 0.2 0.25 
0.2 0.0 0.0000 0.65 0.635 0.1 0.75 0.2 0.25 
0.2 0.0 0.0000 0.65 0.636 0.1 0.75 0.2 0.25 
0.2 0.0 0.0000 0.65 0.637 0.1 0.75 0.2 0.25 
0.2 0.0 0.0000 0.65 0.638 0.1 0.75 0.2 0.25 
0.2 0.0 0.0000 0.65 0.639 0.1 0.75 0.2 0.25 
0.2 0.0 0.0000 0.65 0.64 0.1 0.75 0.2 0.25 
0.2 0.0 0.0000 0.65 0.64 0.1 0.75 0.2 0.25 
0.2 0.0 0.0000 0.65 0.641 0.1 0.75 0.2 0.25 
0.2 0.0 0.0000 0.65 0.642 0.1 0.75 0.2 0.25 
0.2 0.0 0.0000 0.65 0.643 0.1 0.75 0.2 0.25 
0.2 0.0 0.0000 0.65 0.644 0.1 0.75 0.2 0.25 
0.2 0.0 0.0000 0.65 0.645 0.1 0.75 0.2 0.25 
0.2 0.0 0.0000 0.65 0.646 0.1 0.75 0.2 0.25 
0.2 0.0 0.0000 0.65 0.647 0.1 0.75 0.2 0.25 
0.2 0.0 0.0000 0.65 0.648 0.1 0.75 0.2 0.25 
0.2 0.0 0.0000 0.65 0.649 0.1 0.75 0.2 0.25 
0.2 0.0 0.0000 0.65 0.65 0.1 0.75 0.2 0.25 
0.2 0.0 0.0000 0.65 0.65 0.1 0.75 0.2 0.25 
0.2 0.0 0.0000 0.65 0.651 0.1 0.75 0.2 0.25 
0.2 0.0 0.0000 0.65 0.652 0.1 0.75 0.2 0.25 
0.2 0.0 0.0000 0.65 0.653 0.1 0.75 0.2 0.25 
0.2 0.0 0.0000 0.65 0.654 0.1 0.75 0.2 0.25 
0.2 0.0 0.0000 0.65 0.655 0.1 0.75 0.2 0.25 
0.2 0.0 0.0000 0.65 0.656 0.1 0.75 0.2 0.25 
0.2 0.0 0.0000 0.65 0.657 0.1 0.75 0.2 0.25 
0.2 0.0 0.0000 0.65 0.658 0.1 0.75 0.2 0.25 
0.2 0.0 0.0000 0.65 0.659 0.1 0.75 0.2 0.25 
0.2 0.0 0.0000 0.65 0.66 0.1 0.75 0.2 0.25 
0.2 0.0 0.0000 0.65 0.66 0.1 0.75 0.2 0.25 
0.2 0.0 0.0000 0.651 0.66 0.1 0.75 0.2 0.25 
0.2 0.0 0.0000 0.652 0.66 0.1 0.75 0.2 0.25 
0.2 0.0 0.0000 0.653 0.66 0.1 0.75 0.2 0.25 
0.2 0.0 0.0000 0.654 0.66 0.1 0.75 0.2 0.25 
0.2 0.0 0.0000 0.655 0.66 0.1 0.75 0.2 0.25 
0.2 0.0 0.0000 0.656 0.66 0.1 0.75 0.2 0.25 
0.2 0.0 0.0000 0.657 0.66 0.1 0.75 0.2 0.25 
0.2 0.0 0.0000 0.658 0.66 0.1 0.75 0.2 0.25 
0.2 0.0 0.0000 0.659 0.66 0.1 0.75 0.2 0.25 
0.2 0.0 0.0000 0.66 0.66 0.1 0.75 0.2 0.25 
0.2 0.0 0.0000 0.66 0.66 0.1 0.75 0.2 0.25 
0.2 0.0 0.0000 0.661 0.66 0.1 0.75 0.2 0.25 
0.2 0.0 0.0000 0.662 0.66 0.1 0.75 0.2 0.25 
0.2 0.0 0.0000 0.663 0.66 0.1 0.75 0.2 0.25 
0.2 0.0 0.0000 0.664 0.66 0.1 0.75 0.2 0.25 
0.2 0.0 0.0000 0.665 0.66 0.1 0.75 0.2 0.25 
0.2 0.0 0.0000 0.666 0.66 0.1 0.75 0.2 0.25 
0.2 0.0 0.0000 0.667 0.66 0.1 0.75 0.2 0.25 
0.2 0.0 0.0000 0.668 0.66 0.1 0.75 0.2 0.25 
0.2 0.0 0.0000 0.669 0.66 0.1 0.75 0.2 0.25 
0.2 0.0 0.0000 0.67 0.66 0.1 0.75 0.2 0.25 
0.2 0.0 0.0000 0.67 0.66 0.1 0.75 0.2 0.25 
0.2 0.0 0.0000 0.671 0.66 0.1 0.75 0.2 0.25 
0.2 0.0 0.0000 0.672 0.66 0.1 0.75 0.2 0.25 
0.2 0.0 0.0000 0.673 0.66 0.1 0.75 0.2 0.25 
0.2 0.0 0.0000 0.674 0.66 0.1 0.75 0.2 0.25 
0.2 0.0 0.0000 0.675 0.66 0.1 0.75 0.2 0.25 
0.2 0.0 0.0000 0.676 0.66 0.1 0.75 0.2 0.25 
0.2 0.0 0.0000 0.677 0.66 0.1 0.75 0.2 0.25 
0.2 0.0 0.0000 0.678 0.66 0.1 0.75 0.2 0.25 
0.2 0.0 0.0000 0.679 0.66 0.1 0.75 0.2 0.25 
0.2 0.0 0.0000 0.68 0.66 0.1 0.75 0.2 0.25 
0.2 0.0 0.0000 0.68 0.66 0.1 0.75 0.2 0.25 
0.2 0.0 0.0000 0.68 0.661 0.1 0.75 0.2 0.25 
0.2 0.0 0.0000 0.68 0.662 0.1 0.75 0.2 0.25 
0.2 0.0 0.0000 0.68 0.663 0.1 0.75 0.2 0.25 
0.2 0.0 0.0000 0.68 0.664 0.1 0.75 0.2 0.25 
0.2 0.0 0.0000 0.68 0.665 0.1 0.75 0.2 0.25 
0.2 0.0 0.0000 0.68 0.666 0.1 0.75 0.2 0.25 
0.2 0.0 0.0000 0.68 0.667 0.1 0.75 0.2 0.25 
0.2 0.0 0.0000 0.68 0.668 0.1 0.75 0.2 0.25 
0.2 0.0 0.0000 0.68 0.669 0.1 0.75 0.2 0.25 
0.2 0.0 0.0000 0.68 0.67 0.1 0.75 0.2 0.25 
0.2 0.0 0.0000 0.68 0.67 0.1 0.75 0.2 0.25 
0.2 0.0 0.0000 0.68 0.671 0.1 0.75 0.2 0.25 
0.2 0.0 0.0000 0.68 0.672 0.1 0.75 0.2 0.25 
0.2 0.0 0.0000 0.68 0.673 0.1 0.75 0.2 0.25 
0.2 0.0 0.0000 0.68 0.674 0.1 0.75 0.2 0.25 
0.2 0.0 0.0000 0.68 0.675 0.1 0.75 0.2 0.25 
0.2 0.0 0.0000 0.68 0.676 0.1 0.75 0.2 0.25 
0.2 0.0 0.0000 0.68 0.677 0.1 0.75 0.2 0.25 
0.2 0.0 0.0000 0.68 0.678 0.1 0.75 0.2 0.25 
0.2 0.0 0.0000 0.68 0.679 0.1 0.75 0.2 0.25 
0.2 0.0 0.0000 0.68 0.68 0.1 0.75 0.2 0.25 
0.2 0.0 0.0000 0.68 0.68 0.1 0.75 0.2 0.25 
0.2 0.0 0.0000 0.68 0.681 0.1 0.75 0.2 0.25 
0.2 0.0 0.0000 0.68 0.682 0.1 0.75 0.2 0.25 
0.2 0.0 0.0000 0.68 0.683 0.1 0.75 0.2 0.25 
0.2 0.0 0.0000 0.68 0.684 0.1 0.75 0.2 0.25 
0.2 0.0 0.0000 0.68 0.685 0.1 0.75 0.2 0.25 
0.2 0.0 0.0000 0.68 0.686 0.1 0.75 0.2 0.25 
0.2 0.0 0.0000 0.68 0.687 0.1 0.75 0.2 0.25 
0.2 0.0 0.0000 0.68 0.688 0.1 0.75 0.2 0.25 
0.2 0.0 0.0000 0.68 0.689 0.1 0.75 0.2 0.25 
0.2 0.0 0.0000 0.68 0.69 0.1 0.75 0.2 0.25 
0.2 0.0 0.0000 0.68 0.69 0.1 0.75 0.2 0.25 
0.2 0.0 0.0000 0.68 0.691 0.1 0.75 0.2 0.25 
0.2 0.0 0.0000 0.68 0.692 0.1 0.75 0.2 0.25 
0.2 0.0 0.0000 0.68 0.693 0.1 0.75 0.2 0.25 
0.2 0.0 0.0000 0.68 0.694 0.1 0.75 0.2 0.25 
0.2 0.0 0.0000 0.68 0.695 0.1 0.75 0.2 0.25 
0.2 0.0 0.0000 0.68 0.696 0.1 0.75 0.2 0.25 
0.2 0.0 0.0000 0.68 0.697 0.1 0.75 0.2 0.25 
0.2 0.0 0.0000 0.68 0.698 0.1 0.75 0.2 0.25 
0.2 0.0 0.0000 0.68 0.699 0.1 0.75 0.2 0.25 
0.2 0.0 0.0000 0.68 0.7 0.1 0.75 0.2 0.25 
0.2 0.0 0.0000 0.68 0.7 0.1 0.75 0.2 0.25 
0.2 0.0 0.0000 0.681 0.7 0.1 0.75 0.2 0.25 
0.2 0.0 0.0000 0.682 0.7 0.1 0.75 0.2 0.25 
0.2 0.0 0.0000 0.683 0.7 0.1 0.75 0.2 0.25 
0.2 0.0 0.0000 0.684 0.7 0.1 0.75 0.2 0.25 
0.2 0.0 0.0000 0.685 0.7 0.1 0.75 0.2 0.25 
0.2 0.0 0.0000 0.686 0.7 0.1 0.75 0.2 0.25 
0.2 0.0 0.0000 0.687 0.7 0.1 0.75 0.2 0.25 
0.2 0.0 0.0000 0.688 0.7 0.1 0.75 0.2 0.25 
0.2 0.0 0.0000 0.689 0.7 0.1 0.75 0.2 0.25 
0.2 0.0 0.0000 0.69 0.7 0.1 0.75 0.2 0.25 
0.2 0.0 0.0000 0.69 0.7 0.1 0.75 0.2 0.25 
0.2 0.0 0.0000 0.691 0.7 0.1 0.75 0.2 0.25 
0.2 0.0 0.0000 0.692 0.7 0.1 0.75 0.2 0.25 
0.2 0.0 0.0000 0.693 0.7 0.1 0.75 0.2 0.25 
0.2 0.0 0.0000 0.694 0.7 0.1 0.75 0.2 0.25 
0.2 0.0 0.0000 0.695 0.7 0.1 0.75 0.2 0.25 
0.2 0.0 0.0000 0.696 0.7 0.1 0.75 0.2 0.25 
0.2 0.0 0.0000 0.697 0.7 0.1 0.75 0.2 0.25 
0.2 0.0 0.0000 0.698 0.7 0.1 0.75 0.2 0.25 
0.2 0.0 0.0000 0.699 0.7 0.1 0.75 0.2 0.25 
0.2 0.0 0.0000 0.7 0.7 0.1 0.75 0.2 0.25 
0.2 0.0 0.0000 0.7 0.7 0.1 0.75 0.2 0.25 
0.2 0.0 0.0000 0.701 0.7 0.1 0.75 0.2 0.25 
0.2 0.0 0.0000 0.702 0.7 0.1 0.75 0.2 0.25 
0.2 0.0 0.0000 0.703 0.7 0.1 0.75 0.2 0.25 
0.2 0.0 0.0000 0.704 0.7 0.1 0.75 0.2 0.25 
0.2 0.0 0.0000 0.705 0.7 0.1 0.75 0.2 0.25 
0.2 0.0 0.0000 0.706 0.7 0.1 0.75 0.2 0.25 
0.2 0.0 0.0000 0.707 0.7 0.1 0.75 0.2 0.25 
0.2 0.0 0.0000 0.708 0.7 0.1 0.75 0.2 0.25 
0.2 0.0 0.0000 0.709 0.7 0.1 0.75 0.2 0.25 
0.2 0.0 0.0000 0.71 0.7 0.1 0.75 0.2 0.25 
0.2 0.0 0.0000 0.71 0.7 0.1 0.75 0.2 0.25 
0.2 0.0 0.0000 0.71 0.701 0.1 0.75 0.2 0.25 
0.2 0.0 0.0000 0.71 0.702 0.1 0.75 0.2 0.25 
0.2 0.0 0.0000 0.71 0.703 0.1 0.75 0.2 0.25 
0.2 0.0 0.0000 0.71 0.704 0.1 0.75 0.2 0.25 
0.2 0.0 0.0000 0.71 0.705 0.1 0.75 0.2 0.25 
0.2 0.0 0.0000 0.71 0.706 0.1 0.75 0.2 0.25 
0.2 0.0 0.0000 0.71 0.707 0.1 0.75 0.2 0.25 
0.2 0.0 0.0000 0.71 0.708 0.1 0.75 0.2 0.25 
0.2 0.0 0.0000 0.71 0.709 0.1 0.75 0.2 0.25 
0.2 0.0 0.0000 0.71 0.71 0.1 0.75 0.2 0.25 
0.2 0.0 0.0000 0.71 0.71 0.1 0.75 0.2 0.25 
0.2 0.0 0.0000 0.71 0.711 0.1 0.75 0.2 0.25 
0.2 0.0 0.0000 0.71 0.712 0.1 0.75 0.2 0.25 
0.2 0.0 0.0000 0.71 0.713 0.1 0.75 0.2 0.25 
0.2 0.0 0.0000 0.71 0.714 0.1 0.75 0.2 0.25 
0.2 0.0 0.0000 0.71 0.715 0.1 0.75 0.2 0.25 
0.2 0.0 0.0000 0.71 0.716 0.1 0.75 0.2 0.25 
0.2 0.0 0.0000 0.71 0.717 0.1 0.75 0.2 0.25 
0.2 0.0 0.0000 0.71 0.718 0.1 0.75 0.2 0.25 
0.2 0.0 0.0000 0.71 0.719 0.1 0.75 0.2 0.25 
0.2 0.0 0.0000 0.71 0.72 0.1 0.75 0.2 0.25 
0.2 0.0 0.0000 0.71 0.72 0.1 0.75 0.2 0.25 
0.2 0.0 0.0000 0.71 0.721 0.1 0.75 0.2 0.25 
0.2 0.0 0.0000 0.71 0.722 0.1 0.75 0.2 0.25 
0.2 0.0 0.0000 0.71 0.723 0.1 0.75 0.2 0.25 
0.2 0.0 0.0000 0.71 0.724 0.1 0.75 0.2 0.25 
0.2 0.0 0.0000 0.71 0.725 0.1 0.75 0.2 0.25 
0.2 0.0 0.0000 0.71 0.726 0.1 0.75 0.2 0.25 
0.2 0.0 0.0000 0.71 0.727 0.1 0.75 0.2 0.25 
0.2 0.0 0.0000 0.71 0.728 0.1 0.75 0.2 0.25 
0.2 0.0 0.0000 0.71 0.729 0.1 0.75 0.2 0.25 
0.2 0.0 0.0000 0.71 0.73 0.1 0.75 0.2 0.25 
0.2 0.0 0.0000 0.71 0.73 0.1 0.75 0.2 0.25 
0.2 0.0 0.0000 0.71 0.731 0.1 0.75 0.2 0.25 
0.2 0.0 0.0000 0.71 0.732 0.1 0.75 0.2 0.25 
0.2 0.0 0.0000 0.71 0.733 0.1 0.75 0.2 0.25 
0.2 0.0 0.0000 0.71 0.734 0.1 0.75 0.2 0.25 
0.2 0.0 0.0000 0.71 0.735 0.1 0.75 0.2 0.25 
0.2 0.0 0.0000 0.71 0.736 0.1 0.75 0.2 0.25 
0.2 0.0 0.0000 0.71 0.737 0.1 0.75 0.2 0.25 
0.2 0.0 0.0000 0.71 0.738 0.1 0.75 0.2 0.25 
0.2 0.0 0.0000 0.71 0.739 0.1 0.75 0.2 0.25 
0.2 0.0 0.0000 0.71 0.74 0.1 0.75 0.2 0.25 
0.2 0.0 0.0000 0.71 0.74 0.1 0.75 0.2 0.25 
0.2 0.0 0.0000 0.711 0.74 0.1 0.75 0.2 0.25 
0.2 0.0 0.0000 0.712 0.74 0.1 0.75 0.2 0.25 
0.2 0.0 0.0000 0.713 0.74 0.1 0.75 0.2 0.25 
0.2 0.0 0.0000 0.714 0.74 0.1 0.75 0.2 0.25 
0.2 0.0 0.0000 0.715 0.74 0.1 0.75 0.2 0.25 
0.2 0.0 0.0000 0.716 0.74 0.1 0.75 0.2 0.25 
0.2 0.0 0.0000 0.717 0.74 0.1 0.75 0.2 0.25 
0.2 0.0 0.0000 0.718 0.74 0.1 0.75 0.2 0.25 
0.2 0.0 0.0000 0.719 0.74 0.1 0.75 0.2 0.25 
0.2 0.0 0.0000 0.72 0.74 0.1 0.75 0.2 0.25 
0.2 0.0 0.0000 0.72 0.74 0.1 0.75 0.2 0.25 
0.2 0.0 0.0000 0.721 0.74 0.1 0.75 0.2 0.25 
0.2 0.0 0.0000 0.722 0.74 0.1 0.75 0.2 0.25 
0.2 0.0 0.0000 0.723 0.74 0.1 0.75 0.2 0.25 
0.2 0.0 0.0000 0.724 0.74 0.1 0.75 0.2 0.25 
0.2 0.0 0.0000 0.725 0.74 0.1 0.75 0.2 0.25 
0.2 0.0 0.0000 0.726 0.74 0.1 0.75 0.2 0.25 
0.2 0.0 0.0000 0.727 0.74 0.1 0.75 0.2 0.25 
0.2 0.0 0.0000 0.728 0.74 0.1 0.75 0.2 0.25 
0.2 0.0 0.0000 0.729 0.74 0.1 0.75 0.2 0.25 
0.2 0.0 0.0000 0.73 0.74 0.1 0.75 0.2 0.25 
0.2 0.0 0.0000 0.73 0.74 0.1 0.75 0.2 0.25 
0.2 0.0 0.0000 0.731 0.74 0.1 0.75 0.2 0.25 
0.2 0.0 0.0000 0.732 0.74 0.1 0.75 0.2 0.25 
0.2 0.0 0.0000 0.733 0.74 0.1 0.75 0.2 0.25 
0.2 0.0 0.0000 0.734 0.74 0.1 0.75 0.2 0.25 
0.2 0.0 0.0000 0.735 0.74 0.1 0.75 0.2 0.25 
0.2 0.0 0.0000 0.736 0.74 0.1 0.75 0.2 0.25 
0.2 0.0 0.0000 0.737 0.74 0.1 0.75 0.2 0.25 
0.2 0.0 0.0000 0.738 0.74 0.1 0.75 0.2 0.25 
0.2 0.0 0.0000 0.739 0.74 0.1 0.75 0.2 0.25 
0.2 0.0 0.0000 0.74 0.74 0.1 0.75 0.2 0.25 
0.2 0.0 0.0000 0.74 0.74 0.1 0.75 0.2 0.25 
0.2 0.0 0.0000 0.741 0.74 0.1 0.75 0.2 0.25 
0.2 0.0 0.0000 0.742 0.74 0.1 0.75 0.2 0.25 
0.2 0.0 0.0000 0.743 0.74 0.1 0.75 0.2 0.25 
0.2 0.0 0.0000 0.744 0.74 0.1 0.75 0.2 0.25 
0.2 0.0 0.0000 0.745 0.74 0.1 0.75 0.2 0.25 
0.2 0.0 0.0000 0.746 0.74 0.1 0.75 0.2 0.25 
0.2 0.0 0.0000 0.747 0.74 0.1 0.75 0.2 0.25 
0.2 0.0 0.0000 0.748 0.74 0.1 0.75 0.2 0.25 
0.2 0.0 0.0000 0.749 0.74 0.1 0.75 0.2 0.25 
0.2 0.0 0.0000 0.75 0.74 0.1 0.75 0.2 0.25 
0.2 0.0 0.0000 0.75 0.74 0.1 0.75 0.2 0.25 
0.2 0.0 0.0000 0.75 0.741 0.1 0.75 0.2 0.25 
0.2 0.0 0.0000 0.75 0.742 0.1 0.75 0.2 0.25 
0.2 0.0 0.0000 0.75 0.743 0.1 0.75 0.2 0.25 
0.2 0.0 0.0000 0.75 0.744 0.1 0.75 0.2 0.25 
0.2 0.0 0.0000 0.75 0.745 0.1 0.75 0.2 0.25 
0.2 0.0 0.0000 0.75 0.746 0.1 0.75 0.2 0.25 
0.2 0.0 0.0000 0.75 0.747 0.1 0.75 0.2 0.25 
0.2 0.0 0.0000 0.75 0.748 0.1 0.75 0.2 0.25 
0.2 0.0 0.0000 0.75 0.749 0.1 0.75 0.2 0.25 
0.2 0.0 0.0000 0.75 0.75 0.1 0.75 0.2 0.25 
0.2 0.0 0.0000 0.75 0.75 0.1 0.75 0.2 0.25 